Grid 1
483921657
967345821
251876493
548132976
729564138
136798245
372689514
814253769
695417382
Grid 2
245981376
169273584
837564219
976125438
513498627
482736951
391657842
728349165
654812793
Grid 3
462831957
795426183
381795426
173984265
659312748
248567319
926178534
834259671
517643892
Grid 4
123656769
789423456
456789123
912345678
678912345
345678912
891234567
567691254
234567891
Grid 5
523816749
784593126
691472835
239145687
457268913
168937254
342789561
915624378
876351492
Grid 6
176923584
524817639
893654271
957348162
638192457
412765398
265489713
781236945
349571826
Grid 7
143986257
679425381
285731694
962354178
357618942
418279563
821567439
796143825
534892716
Grid 8
487156932
362498751
915372864
846519273
593724186
271863549
124685397
738941625
659237418
Grid 9
814976532
659123478
732854169
948265317
275341896
163798245
391682754
587439621
426517983
Grid 10
761928453
925743168
438615927
357461289
894372615
216589374
689154732
142837596
573296841
Grid 11
976125438
158436927
423879156
234761895
867952314
519384762
782513649
395647281
641298573
Grid 12
962341758
148975623
573268149
321694875
487512936
695837412
834726591
216459387
759183264
Grid 13
397681524
645279813
218534976
823956741
169742358
754318692
472893165
531467289
986125437
Grid 14
639218457
471539268
825674139
564823791
793451826
218796345
352987614
186345972
947162583
Grid 15
697128345
428635197
315479682
531246978
286397451
974581263
149852736
752963814
863714529
Grid 16
361725948
587964213
492831657
638259471
174683592
259147836
746392185
923518764
815476329
Grid 17
359867124
648312597
712549836
876924351
524731968
193685472
931476285
465298713
287153649
Grid 18
786945312
219863457
534271869
165482973
327619548
498537126
951728634
842356791
673194285
Grid 19
743512986
589346217
126987345
934251768
671498532
852763491
398675124
417829653
265134879
Grid 20
782614359
439825176
651937428
293471865
568392714
147568293
326749581
975183642
814256937
Grid 21
428531796
365947182
971268435
214896573
697453218
583172964
849615327
752389641
136724859
Grid 22
425781936
178369524
369524187
894157362
652843791
713692845
987216453
536478219
241935678
Grid 23
348267951
571943628
269185374
697351482
123874596
854629137
415798263
982436715
736512849
Grid 24
124986735
867435912
395712684
478359261
259861347
631274598
712698453
983547126
546123879
Grid 25
361524789
789361425
524879361
893157642
412683597
657942138
148796253
235418976
976235814
Grid 26
581479263
329156847
647328159
956731428
238964571
714582936
172695384
893247615
465813792
Grid 27
387256419
469781325
512439867
123548976
758963241
694127583
835674192
271895634
946312758
Grid 28
345871269
279653184
861429537
197346852
452718396
683592741
738264915
516937428
924185673
Grid 29
235761489
419328576
867549213
746135928
521896734
983472651
394287165
652913847
178654392
Grid 30
298175643
657394128
134286579
821649735
573821496
469753281
312468957
785912364
946537812
Grid 31
761543289
832791645
549628137
374215968
128936574
695487321
417369852
953872416
286154793
Grid 32
132649785
758213649
964785123
543897216
276531894
891426537
619378452
327154968
485962371
Grid 33
698173542
354628179
172549368
531897426
946312857
827456913
765931284
213784695
489265731
Grid 34
852716943
197843652
463925187
278634591
645179328
931582476
786491235
314258769
529367814
Grid 35
453218796
629753481
178496532
796582314
314967825
285134679
542879163
937641258
861325947
Grid 36
516289347
849173256
732465918
698317524
327954861
154826739
961732485
275648193
483591672
Grid 37
945681723
781234965
326759184
269175348
138942576
574863219
457326891
612598437
893417652
Grid 38
365942871
128756493
974813562
819435627
537268149
642179358
296384715
753691284
481527936
Grid 39
134587296
278169354
695234817
359816472
821473569
746925183
917348625
462751938
583692741
Grid 40
193672485
462358971
785914623
538296714
674135298
219487356
826741539
941523867
357869142
Grid 41
814976532
659123478
732854169
948265317
275341896
163798245
391682754
587439621
426517983
Grid 42
384567921
126439785
759821346
563798214
847312659
912645873
231974568
495286137
678153492
Grid 43
469158372
712463859
538297641
927634518
385719426
146582793
653941287
294876135
871325964
Grid 44
316549278
987321645
452678931
594236817
238417569
671985324
845162793
129753486
763894152
Grid 45
586127943
723469851
491853267
135974628
279618534
648532179
917246385
352781496
864395712
Grid 46
954213687
617548923
832796541
763851294
128974365
549362178
281637459
475129836
396485712
Grid 47
159743862
276589431
348612759
624978315
917235684
583164297
435821976
861497523
792356148
Grid 48
861357294
597482361
432619785
916275843
358964127
274138956
789541632
143826579
625793418
Grid 49
294863517
715429638
863751492
152947863
479386251
638512974
986134725
521678349
347295186
Grid 50
351286497
492157638
786934512
275469183
938521764
614873259
829645371
163792845
547318926
Grid 51
483921657
967345821
251876493
548132976
729564138
136798245
372689514
814253769
695417382
Grid 52
245981376
169273584
837564219
976125438
513498627
482736951
391657842
728349165
654812793
Grid 53
462831957
795426183
381795426
173984265
659312748
248567319
926178534
834259671
517643892
Grid 54
137256849
928314567
465897312
673542981
819673254
542189736
256731498
391428675
784965123
Grid 55
523816749
784593126
691472835
239145687
457268913
168937254
342789561
915624378
876351492
Grid 56
176923584
524817639
893654271
957348162
638192457
412765398
265489713
781236945
349571826
Grid 57
143986257
679425381
285731694
962354178
357618942
418279563
821567439
796143825
534892716
Grid 58
487156932
362498751
915372864
846519273
593724186
271863549
124685397
738941625
659237418
Grid 59
814976532
659123478
732854169
948265317
275341896
163798245
391682754
587439621
426517983
Grid 60
761928453
925743168
438615927
357461289
894372615
216589374
689154732
142837596
573296841
Grid 61
976125438
158436927
423879156
234761895
867952314
519384762
782513649
395647281
641298573
Grid 62
962341758
148975623
573268149
321694875
487512936
695837412
834726591
216459387
759183264
Grid 63
397681524
645279813
218534976
823956741
169742358
754318692
472893165
531467289
986125437
Grid 64
639218457
471539268
825674139
564823791
793451826
218796345
352987614
186345972
947162583
Grid 65
697128345
428635197
315479682
531246978
286397451
974581263
149852736
752963814
863714529
Grid 66
361725948
587964213
492831657
638259471
174683592
259147836
746392185
923518764
815476329
Grid 67
359867124
648312597
712549836
876924351
524731968
193685472
931476285
465298713
287153649
Grid 68
786945312
219863457
534271869
165482973
327619548
498537126
951728634
842356791
673194285
Grid 69
743512986
589346217
126987345
934251768
671498532
852763491
398675124
417829653
265134879
Grid 70
782614359
439825176
651937428
293471865
568392714
147568293
326749581
975183642
814256937
Grid 71
428531796
365947182
971268435
214896573
697453218
583172964
849615327
752389641
136724859
Grid 72
425781936
178369524
369524187
894157362
652843791
713692845
987216453
536478219
241935678
Grid 73
348267951
571943628
269185374
697351482
123874596
854629137
415798263
982436715
736512849
Grid 74
124986735
867435912
395712684
478359261
259861347
631274598
712698453
983547126
546123879
Grid 75
361524789
789361425
524879361
893157642
412683597
657942138
148796253
235418976
976235814
Grid 76
581479263
329156847
647328159
956731428
238964571
714582936
172695384
893247615
465813792
Grid 77
123656769
789423456
456789123
912345678
678912345
345678912
891234567
567691254
234567891
Grid 78
345871269
279653184
861429537
197346852
452718396
683592741
738264915
516937428
924185673
Grid 79
235761489
419328576
867549213
746135928
521896734
983472651
394287165
652913847
178654392
Grid 80
298175643
657394128
134286579
821649735
573821496
469753281
312468957
785912364
946537812
Grid 81
761543289
832791645
549628137
374215968
128936574
695487321
417369852
953872416
286154793
Grid 82
132649785
758213649
964785123
543897216
276531894
891426537
619378452
327154968
485962371
Grid 83
698173542
354628179
172549368
531897426
946312857
827456913
765931284
213784695
489265731
Grid 84
852716943
197843652
463925187
278634591
645179328
931582476
786491235
314258769
529367814
Grid 85
453218796
629753481
178496532
796582314
314967825
285134679
542879163
937641258
861325947
Grid 86
516289347
849173256
732465918
698317524
327954861
154826739
961732485
275648193
483591672
Grid 87
945681723
781234965
326759184
269175348
138942576
574863219
457326891
612598437
893417652
Grid 88
365942871
128756493
974813562
819435627
537268149
642179358
296384715
753691284
481527936
Grid 89
134587296
278169354
695234817
359816472
821473569
746925183
917348625
462751938
583692741
Grid 90
193672485
462358971
785914623
538296714
674135298
219487356
826741539
941523867
357869142
Grid 91
814976532
659123478
732854169
948265317
275341896
163798245
391682754
587439621
426517983
Grid 92
384567921
126439785
759821346
563798214
847312659
912645873
231974568
495286137
678153492
Grid 93
469158372
712463859
538297641
927634518
385719426
146582793
653941287
294876135
871325964
Grid 94
316549278
987321645
452678931
594236817
238417569
671985324
845162793
129753486
763894152
Grid 95
586127943
723469851
491853267
135974628
279618534
648532179
917246385
352781496
864395712
Grid 96
954213687
617548923
832796541
763851294
128974365
549362178
281637459
475129836
396485712
Grid 97
159743862
276589431
348612759
624978315
917235684
583164297
435821976
861497523
792356148
Grid 98
861357294
597482361
432619785
916275843
358964127
274138956
789541632
143826579
625793418
Grid 99
294863517
715429638
863751492
152947863
479386251
638512974
986134725
521678349
347295186
Grid 100
123656769
789423456
456789123
912345678
678912345
345678912
891234567
567691254
234567891
Grid 151
483921657
967345821
251876493
548132976
729564138
136798245
372689514
814253769
695417382
Grid 152
245981376
169273584
837564219
976125438
513498627
482736951
391657842
728349165
654812793
Grid 153
462831957
795426183
381795426
173984265
659312748
248567319
926178534
834259671
517643892
Grid 154
137256849
928314567
465897312
673542981
819673254
542189736
256731498
391428675
784965123
Grid 155
523816749
784593126
691472835
239145687
457268913
168937254
342789561
915624378
876351492
Grid 156
176923584
524817639
893654271
957348162
638192457
412765398
265489713
781236945
349571826
Grid 157
143986257
679425381
285731694
962354178
357618942
418279563
821567439
796143825
534892716
Grid 158
487156932
362498751
915372864
846519273
593724186
271863549
124685397
738941625
659237418
Grid 159
814976532
659123478
732854169
948265317
275341896
163798245
391682754
587439621
426517983
Grid 160
761928453
925743168
438615927
357461289
894372615
216589374
689154732
142837596
573296841
Grid 161
976125438
158436927
423879156
234761895
867952314
519384762
782513649
395647281
641298573
Grid 162
962341758
148975623
573268149
321694875
487512936
695837412
834726591
216459387
759183264
Grid 163
397681524
645279813
218534976
823956741
169742358
754318692
472893165
531467289
986125437
Grid 164
639218457
471539268
825674139
564823791
793451826
218796345
352987614
186345972
947162583
Grid 165
697128345
428635197
315479682
531246978
286397451
974581263
149852736
752963814
863714529
Grid 166
361725948
587964213
492831657
638259471
174683592
259147836
746392185
923518764
815476329
Grid 167
359867124
648312597
712549836
876924351
524731968
193685472
931476285
465298713
287153649
Grid 168
786945312
219863457
534271869
165482973
327619548
498537126
951728634
842356791
673194285
Grid 169
123656769
789423456
456789123
912345678
678912345
345678912
891234567
567691254
234567891
Grid 170
782614359
439825176
651937428
293471865
568392714
147568293
326749581
975183642
814256937
Grid 171
428531796
365947182
971268435
214896573
697453218
583172964
849615327
752389641
136724859
Grid 172
425781936
178369524
369524187
894157362
652843791
713692845
987216453
536478219
241935678
Grid 173
348267951
571943628
269185374
697351482
123874596
854629137
415798263
982436715
736512849
Grid 174
124986735
867435912
395712684
478359261
259861347
631274598
712698453
983547126
546123879
Grid 175
361524789
789361425
524879361
893157642
412683597
657942138
148796253
235418976
976235814
Grid 176
581479263
329156847
647328159
956731428
238964571
714582936
172695384
893247615
465813792
Grid 177
387256419
469781325
512439867
123548976
758963241
694127583
835674192
271895634
946312758
Grid 178
345871269
279653184
861429537
197346852
452718396
683592741
738264915
516937428
924185673
Grid 179
235761489
419328576
867549213
746135928
521896734
983472651
394287165
652913847
178654392
Grid 180
298175643
657394128
134286579
821649735
573821496
469753281
312468957
785912364
946537812
Grid 181
761543289
832791645
549628137
374215968
128936574
695487321
417369852
953872416
286154793
Grid 182
132649785
758213649
964785123
543897216
276531894
891426537
619378452
327154968
485962371
Grid 183
698173542
354628179
172549368
531897426
946312857
827456913
765931284
213784695
489265731
Grid 184
852716943
197843652
463925187
278634591
645179328
931582476
786491235
314258769
529367814
Grid 185
453218796
629753481
178496532
796582314
314967825
285134679
542879163
937641258
861325947
Grid 186
516289347
849173256
732465918
698317524
327954861
154826739
961732485
275648193
483591672
Grid 187
945681723
781234965
326759184
269175348
138942576
574863219
457326891
612598437
893417652
Grid 188
365942871
128756493
974813562
819435627
537268149
642179358
296384715
753691284
481527936
Grid 189
134587296
278169354
695234817
359816472
821473569
746925183
917348625
462751938
583692741
Grid 190
193672485
462358971
785914623
538296714
674135298
219487356
826741539
941523867
357869142
Grid 191
814976532
659123478
732854169
948265317
275341896
163798245
391682754
587439621
426517983
Grid 192
384567921
126439785
759821346
563798214
847312659
912645873
231974568
495286137
678153492
Grid 193
469158372
712463859
538297641
927634518
385719426
146582793
653941287
294876135
871325964
Grid 194
316549278
987321645
452678931
594236817
238417569
671985324
845162793
129753486
763894152
Grid 195
586127943
723469851
491853267
135974628
279618534
648532179
917246385
352781496
864395712
Grid 196
954213687
617548923
832796541
763851294
128974365
549362178
281637459
475129836
396485712
Grid 197
159743862
276589431
348612759
624978315
917235684
583164297
435821976
861497523
792356148
Grid 198
861357294
597482361
432619785
916275843
358964127
274138956
789541632
143826579
625793418
Grid 199
294863517
715429638
863751492
152947863
479386251
638512974
986134725
521678349
347295186
Grid 200
351286497
492157638
786934512
275469183
938521764
614873259
829645371
163792845
547318926
Grid 301
483921657
967345821
251876493
548132976
729564138
136798245
372689514
814253769
695417382
Grid 302
245981376
169273584
837564219
976125438
513498627
482736951
391657842
728349165
654812793
Grid 303
462831957
795426183
381795426
173984265
659312748
248567319
926178534
834259671
517643892
Grid 304
137256849
928314567
465897312
673542981
819673254
542189736
256731498
391428675
784965123
Grid 305
523816749
784593126
691472835
239145687
457268913
168937254
342789561
915624378
876351492
Grid 306
176923584
524817639
893654271
957348162
638192457
412765398
265489713
781236945
349571826
Grid 307
143986257
679425381
285731694
962354178
357618942
418279563
821567439
796143825
534892716
Grid 308
487156932
362498751
915372864
846519273
593724186
271863549
124685397
738941625
659237418
Grid 309
123656769
789423456
456789123
912345678
678912345
345678912
891234567
567691254
234567891
Grid 310
761928453
925743168
438615927
357461289
894372615
216589374
689154732
142837596
573296841
Grid 311
976125438
158436927
423879156
234761895
867952314
519384762
782513649
395647281
641298573
Grid 312
962341758
148975623
573268149
321694875
487512936
695837412
834726591
216459387
759183264
Grid 313
397681524
645279813
218534976
823956741
169742358
754318692
472893165
531467289
986125437
Grid 314
639218457
471539268
825674139
564823791
793451826
218796345
352987614
186345972
947162583
Grid 315
697128345
428635197
315479682
531246978
286397451
974581263
149852736
752963814
863714529
Grid 316
361725948
587964213
492831657
638259471
174683592
259147836
746392185
923518764
815476329
Grid 317
359867124
648312597
712549836
876924351
524731968
193685472
931476285
465298713
287153649
Grid 318
123656769
789423456
456789123
912345678
678912345
345678912
891234567
567691254
234567891
Grid 319
743512986
589346217
126987345
934251768
671498532
852763491
398675124
417829653
265134879
Grid 320
782614359
439825176
651937428
293471865
568392714
147568293
326749581
975183642
814256937
Grid 321
428531796
365947182
971268435
214896573
697453218
583172964
849615327
752389641
136724859
Grid 322
425781936
178369524
369524187
894157362
652843791
713692845
987216453
536478219
241935678
Grid 323
348267951
571943628
269185374
697351482
123874596
854629137
415798263
982436715
736512849
Grid 324
124986735
867435912
395712684
478359261
259861347
631274598
712698453
983547126
546123879
Grid 325
361524789
789361425
524879361
893157642
412683597
657942138
148796253
235418976
976235814
Grid 326
581479263
329156847
647328159
956731428
238964571
714582936
172695384
893247615
465813792
Grid 327
387256419
469781325
512439867
123548976
758963241
694127583
835674192
271895634
946312758
Grid 328
345871269
279653184
861429537
197346852
452718396
683592741
738264915
516937428
924185673
Grid 329
235761489
419328576
867549213
746135928
521896734
983472651
394287165
652913847
178654392
Grid 330
298175643
657394128
134286579
821649735
573821496
469753281
312468957
785912364
946537812
Grid 331
761543289
832791645
549628137
374215968
128936574
695487321
417369852
953872416
286154793
Grid 332
132649785
758213649
964785123
543897216
276531894
891426537
619378452
327154968
485962371
Grid 333
698173542
354628179
172549368
531897426
946312857
827456913
765931284
213784695
489265731
Grid 334
852716943
197843652
463925187
278634591
645179328
931582476
786491235
314258769
529367814
Grid 335
453218796
629753481
178496532
796582314
314967825
285134679
542879163
937641258
861325947
Grid 336
516289347
849173256
732465918
698317524
327954861
154826739
961732485
275648193
483591672
Grid 337
945681723
781234965
326759184
269175348
138942576
574863219
457326891
612598437
893417652
Grid 338
365942871
128756493
974813562
819435627
537268149
642179358
296384715
753691284
481527936
Grid 339
134587296
278169354
695234817
359816472
821473569
746925183
917348625
462751938
583692741
Grid 340
193672485
462358971
785914623
538296714
674135298
219487356
826741539
941523867
357869142
Grid 341
814976532
659123478
732854169
948265317
275341896
163798245
391682754
587439621
426517983
Grid 342
384567921
126439785
759821346
563798214
847312659
912645873
231974568
495286137
678153492
Grid 343
469158372
712463859
538297641
927634518
385719426
146582793
653941287
294876135
871325964
Grid 344
316549278
987321645
452678931
594236817
238417569
671985324
845162793
129753486
763894152
Grid 345
586127943
723469851
491853267
135974628
279618534
648532179
917246385
352781496
864395712
Grid 346
954213687
617548923
832796541
763851294
128974365
549362178
281637459
475129836
396485712
Grid 347
159743862
276589431
348612759
624978315
917235684
583164297
435821976
861497523
792356148
Grid 348
861357294
597482361
432619785
916275843
358964127
274138956
789541632
143826579
625793418
Grid 349
294863517
715429638
863751492
152947863
479386251
638512974
986134725
521678349
347295186
Grid 350
351286497
492157638
786934512
275469183
938521764
614873259
829645371
163792845
547318926
Grid 245
483921657
967345821
251876493
548132976
729564138
136798245
372689514
814253769
695417382
Grid 246
245981376
169273584
837564219
976125438
513498627
482736951
391657842
728349165
654812793
Grid 247
462831957
795426183
381795426
173984265
659312748
248567319
926178534
834259671
517643892
Grid 248
137256849
928314567
465897312
673542981
819673254
542189736
256731498
391428675
784965123
Grid 249
523816749
784593126
691472835
239145687
457268913
168937254
342789561
915624378
876351492
Grid 250
176923584
524817639
893654271
957348162
638192457
412765398
265489713
781236945
349571826
Grid 251
143986257
679425381
285731694
962354178
357618942
418279563
821567439
796143825
534892716
Grid 252
487156932
362498751
915372864
846519273
593724186
271863549
124685397
738941625
659237418
Grid 253
814976532
659123478
732854169
948265317
275341896
163798245
391682754
587439621
426517983
Grid 254
761928453
925743168
438615927
357461289
894372615
216589374
689154732
142837596
573296841
Grid 255
976125438
158436927
423879156
234761895
867952314
519384762
782513649
395647281
641298573
Grid 256
962341758
148975623
573268149
321694875
487512936
695837412
834726591
216459387
759183264
Grid 257
397681524
645279813
218534976
823956741
169742358
754318692
472893165
531467289
986125437
Grid 258
639218457
471539268
825674139
564823791
793451826
218796345
352987614
186345972
947162583
Grid 259
697128345
428635197
315479682
531246978
286397451
974581263
149852736
752963814
863714529
Grid 260
361725948
587964213
492831657
638259471
174683592
259147836
746392185
923518764
815476329
Grid 261
359867124
648312597
712549836
876924351
524731968
193685472
931476285
465298713
287153649
Grid 262
786945312
219863457
534271869
165482973
327619548
498537126
951728634
842356791
673194285
Grid 263
743512986
589346217
126987345
934251768
671498532
852763491
398675124
417829653
265134879
Grid 264
782614359
439825176
651937428
293471865
568392714
147568293
326749581
975183642
814256937
Grid 265
428531796
365947182
971268435
214896573
697453218
583172964
849615327
752389641
136724859
Grid 266
425781936
178369524
369524187
894157362
652843791
713692845
987216453
536478219
241935678
Grid 267
348267951
571943628
269185374
697351482
123874596
854629137
415798263
982436715
736512849
Grid 268
124986735
867435912
395712684
478359261
259861347
631274598
712698453
983547126
546123879
Grid 269
361524789
789361425
524879361
893157642
412683597
657942138
148796253
235418976
976235814
Grid 270
581479263
329156847
647328159
956731428
238964571
714582936
172695384
893247615
465813792
Grid 271
387256419
469781325
512439867
123548976
758963241
694127583
835674192
271895634
946312758
Grid 272
345871269
279653184
861429537
197346852
452718396
683592741
738264915
516937428
924185673
Grid 273
235761489
419328576
867549213
746135928
521896734
983472651
394287165
652913847
178654392
Grid 274
298175643
657394128
134286579
821649735
573821496
469753281
312468957
785912364
946537812
Grid 275
761543289
832791645
549628137
374215968
128936574
695487321
417369852
953872416
286154793
Grid 276
132649785
758213649
964785123
543897216
276531894
891426537
619378452
327154968
485962371
Grid 277
698173542
354628179
172549368
531897426
946312857
827456913
765931284
213784695
489265731
Grid 278
852716943
197843652
463925187
278634591
645179328
931582476
786491235
314258769
529367814
Grid 279
453218796
629753481
178496532
796582314
314967825
285134679
542879163
937641258
861325947
Grid 280
516289347
849173256
732465918
698317524
327954861
154826739
961732485
275648193
483591672
Grid 281
945681723
781234965
326759184
269175348
138942576
574863219
457326891
612598437
893417652
Grid 282
365942871
128756493
974813562
819435627
537268149
642179358
296384715
753691284
481527936
Grid 283
134587296
278169354
695234817
359816472
821473569
746925183
917348625
462751938
583692741
Grid 284
193672485
462358971
785914623
538296714
674135298
219487356
826741539
941523867
357869142
Grid 285
814976532
659123478
732854169
948265317
275341896
163798245
391682754
587439621
426517983
Grid 286
384567921
126439785
759821346
563798214
847312659
912645873
231974568
495286137
678153492
Grid 287
469158372
712463859
538297641
927634518
385719426
146582793
653941287
294876135
871325964
Grid 288
316549278
987321645
452678931
594236817
238417569
671985324
845162793
129753486
763894152
Grid 289
586127943
723469851
491853267
135974628
279618534
648532179
917246385
352781496
864395712
Grid 290
954213687
617548923
832796541
763851294
128974365
549362178
281637459
475129836
396485712
Grid 291
159743862
276589431
348612759
624978315
917235684
583164297
435821976
861497523
792356148
Grid 292
861357294
597482361
432619785
916275843
358964127
274138956
789541632
143826579
625793418
Grid 293
294863517
715429638
863751492
152947863
479386251
638512974
986134725
521678349
347295186
Grid 294
351286497
492157638
786934512
275469183
938521764
614873259
829645371
163792845
547318926
Grid 495
483921657
967345821
251876493
548132976
729564138
136798245
372689514
814253769
695417382
Grid 496
245981376
169273584
837564219
976125438
513498627
482736951
391657842
728349165
654812793
Grid 497
462831957
795426183
381795426
173984265
659312748
248567319
926178534
834259671
517643892
Grid 498
137256849
928314567
465897312
673542981
819673254
542189736
256731498
391428675
784965123
Grid 499
123656769
789423456
456789123
912345678
678912345
345678912
891234567
567691254
234567891
Grid 500
176923584
524817639
893654271
957348162
638192457
412765398
265489713
781236945
349571826
Grid 501
143986257
679425381
285731694
962354178
357618942
418279563
821567439
796143825
534892716
Grid 502
487156932
362498751
915372864
846519273
593724186
271863549
124685397
738941625
659237418
Grid 503
814976532
659123478
732854169
948265317
275341896
163798245
391682754
587439621
426517983
Grid 504
761928453
925743168
438615927
357461289
894372615
216589374
689154732
142837596
573296841
Grid 505
976125438
158436927
423879156
234761895
867952314
519384762
782513649
395647281
641298573
Grid 250
962341758
148975623
573268149
321694875
487512936
695837412
834726591
216459387
759183264
Grid 251
397681524
645279813
218534976
823956741
169742358
754318692
472893165
531467289
986125437
Grid 252
639218457
471539268
825674139
564823791
793451826
218796345
352987614
186345972
947162583
Grid 253
697128345
428635197
315479682
531246978
286397451
974581263
149852736
752963814
863714529
Grid 254
361725948
587964213
492831657
638259471
174683592
259147836
746392185
923518764
815476329
Grid 255
359867124
648312597
712549836
876924351
524731968
193685472
931476285
465298713
287153649
Grid 256
786945312
219863457
534271869
165482973
327619548
498537126
951728634
842356791
673194285
Grid 257
743512986
589346217
126987345
934251768
671498532
852763491
398675124
417829653
265134879
Grid 258
782614359
439825176
651937428
293471865
568392714
147568293
326749581
975183642
814256937
Grid 259
428531796
365947182
971268435
214896573
697453218
583172964
849615327
752389641
136724859
Grid 260
425781936
178369524
369524187
894157362
652843791
713692845
987216453
536478219
241935678
Grid 261
348267951
571943628
269185374
697351482
123874596
854629137
415798263
982436715
736512849
Grid 262
124986735
867435912
395712684
478359261
259861347
631274598
712698453
983547126
546123879
Grid 263
361524789
789361425
524879361
893157642
412683597
657942138
148796253
235418976
976235814
Grid 264
581479263
329156847
647328159
956731428
238964571
714582936
172695384
893247615
465813792
Grid 265
387256419
469781325
512439867
123548976
758963241
694127583
835674192
271895634
946312758
Grid 266
345871269
279653184
861429537
197346852
452718396
683592741
738264915
516937428
924185673
Grid 267
235761489
419328576
867549213
746135928
521896734
983472651
394287165
652913847
178654392
Grid 268
298175643
657394128
134286579
821649735
573821496
469753281
312468957
785912364
946537812
Grid 269
761543289
832791645
549628137
374215968
128936574
695487321
417369852
953872416
286154793
Grid 270
132649785
758213649
964785123
543897216
276531894
891426537
619378452
327154968
485962371
Grid 271
698173542
354628179
172549368
531897426
946312857
827456913
765931284
213784695
489265731
Grid 272
852716943
197843652
463925187
278634591
645179328
931582476
786491235
314258769
529367814
Grid 273
453218796
629753481
178496532
796582314
314967825
285134679
542879163
937641258
861325947
Grid 274
516289347
849173256
732465918
698317524
327954861
154826739
961732485
275648193
483591672
Grid 275
945681723
781234965
326759184
269175348
138942576
574863219
457326891
612598437
893417652
Grid 276
365942871
128756493
974813562
819435627
537268149
642179358
296384715
753691284
481527936
Grid 277
134587296
278169354
695234817
359816472
821473569
746925183
917348625
462751938
583692741
Grid 278
193672485
462358971
785914623
538296714
674135298
219487356
826741539
941523867
357869142
Grid 279
814976532
659123478
732854169
948265317
275341896
163798245
391682754
587439621
426517983
Grid 280
384567921
126439785
759821346
563798214
847312659
912645873
231974568
495286137
678153492
Grid 281
469158372
712463859
538297641
927634518
385719426
146582793
653941287
294876135
871325964
Grid 282
316549278
987321645
452678931
594236817
238417569
671985324
845162793
129753486
763894152
Grid 283
586127943
723469851
491853267
135974628
279618534
648532179
917246385
352781496
864395712
Grid 284
954213687
617548923
832796541
763851294
128974365
549362178
281637459
475129836
396485712
Grid 285
159743862
276589431
348612759
624978315
917235684
583164297
435821976
861497523
792356148
Grid 286
861357294
597482361
432619785
916275843
358964127
274138956
789541632
143826579
625793418
Grid 287
294863517
715429638
863751492
152947863
479386251
638512974
986134725
521678349
347295186
Grid 288
351286497
492157638
786934512
275469183
938521764
614873259
829645371
163792845
547318926
Grid 539
483921657
967345821
251876493
548132976
729564138
136798245
372689514
814253769
695417382
Grid 540
245981376
169273584
837564219
976125438
513498627
482736951
391657842
728349165
654812793
Grid 541
462831957
795426183
381795426
173984265
659312748
248567319
926178534
834259671
517643892
Grid 542
123656769
789423456
456789123
912345678
678912345
345678912
891234567
567691254
234567891
Grid 543
523816749
784593126
691472835
239145687
457268913
168937254
342789561
915624378
876351492
Grid 544
176923584
524817639
893654271
957348162
638192457
412765398
265489713
781236945
349571826
Grid 545
143986257
679425381
285731694
962354178
357618942
418279563
821567439
796143825
534892716
Grid 546
487156932
362498751
915372864
846519273
593724186
271863549
124685397
738941625
659237418
Grid 547
814976532
659123478
732854169
948265317
275341896
163798245
391682754
587439621
426517983
Grid 548
761928453
925743168
438615927
357461289
894372615
216589374
689154732
142837596
573296841
Grid 549
976125438
158436927
423879156
234761895
867952314
519384762
782513649
395647281
641298573
Grid 550
962341758
148975623
573268149
321694875
487512936
695837412
834726591
216459387
759183264
Grid 551
397681524
645279813
218534976
823956741
169742358
754318692
472893165
531467289
986125437
Grid 552
639218457
471539268
825674139
564823791
793451826
218796345
352987614
186345972
947162583
Grid 553
697128345
428635197
315479682
531246978
286397451
974581263
149852736
752963814
863714529
Grid 554
361725948
587964213
492831657
638259471
174683592
259147836
746392185
923518764
815476329
Grid 555
359867124
648312597
712549836
876924351
524731968
193685472
931476285
465298713
287153649
Grid 300
786945312
219863457
534271869
165482973
327619548
498537126
951728634
842356791
673194285
Grid 301
743512986
589346217
126987345
934251768
671498532
852763491
398675124
417829653
265134879
Grid 302
782614359
439825176
651937428
293471865
568392714
147568293
326749581
975183642
814256937
Grid 303
428531796
365947182
971268435
214896573
697453218
583172964
849615327
752389641
136724859
Grid 304
425781936
178369524
369524187
894157362
652843791
713692845
987216453
536478219
241935678
Grid 305
348267951
571943628
269185374
697351482
123874596
854629137
415798263
982436715
736512849
Grid 306
124986735
867435912
395712684
478359261
259861347
631274598
712698453
983547126
546123879
Grid 307
361524789
789361425
524879361
893157642
412683597
657942138
148796253
235418976
976235814
Grid 308
581479263
329156847
647328159
956731428
238964571
714582936
172695384
893247615
465813792
Grid 309
387256419
469781325
512439867
123548976
758963241
694127583
835674192
271895634
946312758
Grid 310
345871269
279653184
861429537
197346852
452718396
683592741
738264915
516937428
924185673
Grid 311
123656769
789423456
456789123
912345678
678912345
345678912
891234567
567691254
234567891
Grid 312
298175643
657394128
134286579
821649735
573821496
469753281
312468957
785912364
946537812
Grid 313
761543289
832791645
549628137
374215968
128936574
695487321
417369852
953872416
286154793
Grid 314
132649785
758213649
964785123
543897216
276531894
891426537
619378452
327154968
485962371
Grid 315
698173542
354628179
172549368
531897426
946312857
827456913
765931284
213784695
489265731
Grid 316
852716943
197843652
463925187
278634591
645179328
931582476
786491235
314258769
529367814
Grid 317
453218796
629753481
178496532
796582314
314967825
285134679
542879163
937641258
861325947
Grid 318
516289347
849173256
732465918
698317524
327954861
154826739
961732485
275648193
483591672
Grid 319
945681723
781234965
326759184
269175348
138942576
574863219
457326891
612598437
893417652
Grid 320
365942871
128756493
974813562
819435627
537268149
642179358
296384715
753691284
481527936
Grid 321
134587296
278169354
695234817
359816472
821473569
746925183
917348625
462751938
583692741
Grid 322
193672485
462358971
785914623
538296714
674135298
219487356
826741539
941523867
357869142
Grid 323
814976532
659123478
732854169
948265317
275341896
163798245
391682754
587439621
426517983
Grid 324
384567921
126439785
759821346
563798214
847312659
912645873
231974568
495286137
678153492
Grid 325
469158372
712463859
538297641
927634518
385719426
146582793
653941287
294876135
871325964
Grid 326
316549278
987321645
452678931
594236817
238417569
671985324
845162793
129753486
763894152
Grid 327
586127943
723469851
491853267
135974628
279618534
648532179
917246385
352781496
864395712
Grid 328
954213687
617548923
832796541
763851294
128974365
549362178
281637459
475129836
396485712
Grid 329
159743862
276589431
348612759
624978315
917235684
583164297
435821976
861497523
792356148
Grid 330
861357294
597482361
432619785
916275843
358964127
274138956
789541632
143826579
625793418
Grid 331
294863517
715429638
863751492
152947863
479386251
638512974
986134725
521678349
347295186
Grid 332
351286497
492157638
786934512
275469183
938521764
614873259
829645371
163792845
547318926
Grid 377
483921657
967345821
251876493
548132976
729564138
136798245
372689514
814253769
695417382
Grid 378
245981376
169273584
837564219
976125438
513498627
482736951
391657842
728349165
654812793
Grid 379
462831957
795426183
381795426
173984265
659312748
248567319
926178534
834259671
517643892
Grid 380
137256849
928314567
465897312
673542981
819673254
542189736
256731498
391428675
784965123
Grid 381
523816749
784593126
691472835
239145687
457268913
168937254
342789561
915624378
876351492
Grid 382
176923584
524817639
893654271
957348162
638192457
412765398
265489713
781236945
349571826
Grid 383
123656769
789423456
456789123
912345678
678912345
345678912
891234567
567691254
234567891
Grid 384
487156932
362498751
915372864
846519273
593724186
271863549
124685397
738941625
659237418
Grid 385
814976532
659123478
732854169
948265317
275341896
163798245
391682754
587439621
426517983
Grid 386
761928453
925743168
438615927
357461289
894372615
216589374
689154732
142837596
573296841
Grid 387
976125438
158436927
423879156
234761895
867952314
519384762
782513649
395647281
641298573
Grid 388
962341758
148975623
573268149
321694875
487512936
695837412
834726591
216459387
759183264
Grid 389
397681524
645279813
218534976
823956741
169742358
754318692
472893165
531467289
986125437
Grid 390
639218457
471539268
825674139
564823791
793451826
218796345
352987614
186345972
947162583
Grid 391
697128345
428635197
315479682
531246978
286397451
974581263
149852736
752963814
863714529
Grid 392
361725948
587964213
492831657
638259471
174683592
259147836
746392185
923518764
815476329
Grid 393
359867124
648312597
712549836
876924351
524731968
193685472
931476285
465298713
287153649
Grid 394
786945312
219863457
534271869
165482973
327619548
498537126
951728634
842356791
673194285
Grid 395
743512986
589346217
126987345
934251768
671498532
852763491
398675124
417829653
265134879
Grid 396
782614359
439825176
651937428
293471865
568392714
147568293
326749581
975183642
814256937
Grid 397
428531796
365947182
971268435
214896573
697453218
583172964
849615327
752389641
136724859
Grid 398
425781936
178369524
369524187
894157362
652843791
713692845
987216453
536478219
241935678
Grid 399
348267951
571943628
269185374
697351482
123874596
854629137
415798263
982436715
736512849
Grid 400
124986735
867435912
395712684
478359261
259861347
631274598
712698453
983547126
546123879
Grid 401
361524789
789361425
524879361
893157642
412683597
657942138
148796253
235418976
976235814
Grid 402
581479263
329156847
647328159
956731428
238964571
714582936
172695384
893247615
465813792
Grid 403
387256419
469781325
512439867
123548976
758963241
694127583
835674192
271895634
946312758
Grid 404
345871269
279653184
861429537
197346852
452718396
683592741
738264915
516937428
924185673
Grid 405
235761489
419328576
867549213
746135928
521896734
983472651
394287165
652913847
178654392
Grid 406
298175643
657394128
134286579
821649735
573821496
469753281
312468957
785912364
946537812
Grid 407
761543289
832791645
549628137
374215968
128936574
695487321
417369852
953872416
286154793
Grid 408
132649785
758213649
964785123
543897216
276531894
891426537
619378452
327154968
485962371
Grid 409
698173542
354628179
172549368
531897426
946312857
827456913
765931284
213784695
489265731
Grid 410
852716943
197843652
463925187
278634591
645179328
931582476
786491235
314258769
529367814
Grid 411
453218796
629753481
178496532
796582314
314967825
285134679
542879163
937641258
861325947
Grid 412
516289347
849173256
732465918
698317524
327954861
154826739
961732485
275648193
483591672
Grid 413
945681723
781234965
326759184
269175348
138942576
574863219
457326891
612598437
893417652
Grid 414
365942871
128756493
974813562
819435627
537268149
642179358
296384715
753691284
481527936
Grid 415
134587296
278169354
695234817
359816472
821473569
746925183
917348625
462751938
583692741
Grid 416
193672485
462358971
785914623
538296714
674135298
219487356
826741539
941523867
357869142
Grid 417
814976532
659123478
732854169
948265317
275341896
163798245
391682754
587439621
426517983
Grid 418
384567921
126439785
759821346
563798214
847312659
912645873
231974568
495286137
678153492
Grid 419
469158372
712463859
538297641
927634518
385719426
146582793
653941287
294876135
871325964
Grid 420
316549278
987321645
452678931
594236817
238417569
671985324
845162793
129753486
763894152
Grid 421
586127943
723469851
491853267
135974628
279618534
648532179
917246385
352781496
864395712
Grid 422
954213687
617548923
832796541
763851294
128974365
549362178
281637459
475129836
396485712
Grid 423
159743862
276589431
348612759
624978315
917235684
583164297
435821976
861497523
792356148
Grid 424
861357294
597482361
432619785
916275843
358964127
274138956
789541632
143826579
625793418
Grid 425
294863517
715429638
863751492
152947863
479386251
638512974
986134725
521678349
347295186
Grid 426
351286497
492157638
786934512
275469183
938521764
614873259
829645371
163792845
547318926
Grid 521
483921657
967345821
251876493
548132976
729564138
136798245
372689514
814253769
695417382
Grid 522
245981376
169273584
837564219
976125438
513498627
482736951
391657842
728349165
654812793
Grid 523
462831957
795426183
381795426
173984265
659312748
248567319
926178534
834259671
517643892
Grid 524
137256849
928314567
465897312
673542981
819673254
542189736
256731498
391428675
784965123
Grid 525
523816749
784593126
691472835
239145687
457268913
168937254
342789561
915624378
876351492
Grid 526
176923584
524817639
893654271
957348162
638192457
412765398
265489713
781236945
349571826
Grid 527
143986257
679425381
285731694
962354178
357618942
418279563
821567439
796143825
534892716
Grid 528
487156932
362498751
915372864
846519273
593724186
271863549
124685397
738941625
659237418
Grid 529
814976532
659123478
732854169
948265317
275341896
163798245
391682754
587439621
426517983
Grid 530
761928453
925743168
438615927
357461289
894372615
216589374
689154732
142837596
573296841
Grid 531
976125438
158436927
423879156
234761895
867952314
519384762
782513649
395647281
641298573
Grid 532
962341758
148975623
573268149
321694875
487512936
695837412
834726591
216459387
759183264
Grid 533
397681524
645279813
218534976
823956741
169742358
754318692
472893165
531467289
986125437
Grid 534
639218457
471539268
825674139
564823791
793451826
218796345
352987614
186345972
947162583
Grid 535
697128345
428635197
315479682
531246978
286397451
974581263
149852736
752963814
863714529
Grid 536
361725948
587964213
492831657
638259471
174683592
259147836
746392185
923518764
815476329
Grid 537
359867124
648312597
712549836
876924351
524731968
193685472
931476285
465298713
287153649
Grid 538
786945312
219863457
534271869
165482973
327619548
498537126
951728634
842356791
673194285
Grid 539
743512986
589346217
126987345
934251768
671498532
852763491
398675124
417829653
265134879
Grid 540
782614359
439825176
651937428
293471865
568392714
147568293
326749581
975183642
814256937
Grid 541
428531796
365947182
971268435
214896573
697453218
583172964
849615327
752389641
136724859
Grid 542
425781936
178369524
369524187
894157362
652843791
713692845
987216453
536478219
241935678
Grid 543
348267951
571943628
269185374
697351482
123874596
854629137
415798263
982436715
736512849
Grid 544
124986735
867435912
395712684
478359261
259861347
631274598
712698453
983547126
546123879
Grid 545
361524789
789361425
524879361
893157642
412683597
657942138
148796253
235418976
976235814
Grid 546
581479263
329156847
647328159
956731428
238964571
714582936
172695384
893247615
465813792
Grid 547
387256419
469781325
512439867
123548976
758963241
694127583
835674192
271895634
946312758
Grid 548
345871269
279653184
861429537
197346852
452718396
683592741
738264915
516937428
924185673
Grid 549
235761489
419328576
867549213
746135928
521896734
983472651
394287165
652913847
178654392
Grid 550
298175643
657394128
134286579
821649735
573821496
469753281
312468957
785912364
946537812
Grid 551
761543289
832791645
549628137
374215968
128936574
695487321
417369852
953872416
286154793
Grid 552
132649785
758213649
964785123
543897216
276531894
891426537
619378452
327154968
485962371
Grid 553
698173542
354628179
172549368
531897426
946312857
827456913
765931284
213784695
489265731
Grid 554
852716943
197843652
463925187
278634591
645179328
931582476
786491235
314258769
529367814
Grid 555
453218796
629753481
178496532
796582314
314967825
285134679
542879163
937641258
861325947
Grid 556
516289347
849173256
732465918
698317524
327954861
154826739
961732485
275648193
483591672
Grid 557
945681723
781234965
326759184
269175348
138942576
574863219
457326891
612598437
893417652
Grid 558
365942871
128756493
974813562
819435627
537268149
642179358
296384715
753691284
481527936
Grid 559
134587296
278169354
695234817
359816472
821473569
746925183
917348625
462751938
583692741
Grid 560
193672485
462358971
785914623
538296714
674135298
219487356
826741539
941523867
357869142
Grid 561
123656769
789423456
456789123
912345678
678912345
345678912
891234567
567691254
234567891
Grid 562
384567921
126439785
759821346
563798214
847312659
912645873
231974568
495286137
678153492
Grid 563
469158372
712463859
538297641
927634518
385719426
146582793
653941287
294876135
871325964
Grid 564
316549278
987321645
452678931
594236817
238417569
671985324
845162793
129753486
763894152
Grid 565
586127943
723469851
491853267
135974628
279618534
648532179
917246385
352781496
864395712
Grid 566
954213687
617548923
832796541
763851294
128974365
549362178
281637459
475129836
396485712
Grid 567
159743862
276589431
348612759
624978315
917235684
583164297
435821976
861497523
792356148
Grid 568
861357294
597482361
432619785
916275843
358964127
274138956
789541632
143826579
625793418
Grid 569
294863517
715429638
863751492
152947863
479386251
638512974
986134725
521678349
347295186
Grid 570
351286497
492157638
786934512
275469183
938521764
614873259
829645371
163792845
547318926
